cam0:
  T_cam_imu:
  - [0.9996004068943886, 0.015300907269559858, 0.023767809602484653, 0.014106831142504682]
  - [-0.015470861363850183, 0.9998559330021981, 0.0069832434415025854, 0.00011200618588480573]
  - [-0.023657535485171716, -0.0073481614728509856, 0.9996931156798748, -0.003862186613713747]
  - [0.0, 0.0, 0.0, 1.0]
  cam_overlaps: []
  camera_model: pinhole
  distortion_coeffs: [0.1595618416353091, -0.3138305679819154, -0.0018869672988472675,
    -0.005293112245367403]
  distortion_model: radtan
  intrinsics: [617.4807176153506, 615.6362885538713, 315.0081886383012, 239.12171429624556]
  resolution: [640, 480]
  rostopic: /color
  timeshift_cam_imu: 0.009157796967172057
